{
    "fl_x": 1681.5208121239746,
    "fl_y": 1672.5679148640204,
    "cx": 548.4914968335847,
    "cy": 969.9000678824273,
    "w": 1080,
    "h": 1920,
    "camera_model": "OPENCV",
    "k1": 0.06500130361688702,
    "k2": -0.10630972241554099,
    "p1": 0.00011783795123931714,
    "p2": -0.0005531850210642016,
    "frames": [
        {
            "file_path": "images/frame_1_00178.png",
            "transform_matrix": [
                [
                    -0.1138369325111476,
                    -0.39942837978830115,
                    -0.9096692378090758,
                    -7.952925684338113
                ],
                [
                    -0.965592842396284,
                    -0.17100938323168124,
                    0.19592410152858958,
                    0.944999975985986
                ],
                [
                    -0.23381962173760681,
                    0.900673503699544,
                    -0.3662180009558103,
                    -8.084851800724389
                ],
                [
                    0.0,
                    0.0,
                    0.0,
                    1.0
                ]
            ]
        },
        {
            "file_path": "images/frame_1_00169.png",
            "transform_matrix": [
                [
                    -0.11031290823215884,
                    -0.35338906974138035,
                    -0.9289495291266823,
                    -7.2618006025093065
                ],
                [
                    -0.9721416342175481,
                    -0.1561215073712729,
                    0.17483340057596303,
                    0.9068157344477059
                ],
                [
                    -0.20681321354835352,
                    0.9223568942244877,
                    -0.3263220102572907,
                    -7.473475679194851
                ],
                [
                    0.0,
                    0.0,
                    0.0,
                    1.0
                ]
            ]
        },
        {
            "file_path": "images/frame_1_00172.png",
            "transform_matrix": [
                [
                    -0.11516763750818047,
                    -0.3694517644078838,
                    -0.9220855757719486,
                    -7.53580478493896
                ],
                [
                    -0.9679589690702406,
                    -0.16678152511413138,
                    0.18772148805366118,
                    0.9480398246807143
                ],
                [
                    -0.2231408735916861,
                    0.9141604436074151,
                    -0.3384063147700307,
                    -7.682977526459947
                ],
                [
                    0.0,
                    0.0,
                    0.0,
                    1.0
                ]
            ]
        },
        {
            "file_path": "images/frame_1_00179.png",
            "transform_matrix": [
                [
                    -0.11397669031856639,
                    -0.4002346018374189,
                    -0.9092972987731065,
                    -7.980069784665547
                ],
                [
                    -0.9652272905752823,
                    -0.17212286345782277,
                    0.19674856391795678,
                    0.9481272094293222
                ],
                [
                    -0.23525643794107787,
                    0.9001033181624886,
                    -0.36669936602093134,
                    -8.112749568139506
                ],
                [
                    0.0,
                    0.0,
                    0.0,
                    1.0
                ]
            ]
        },
        {
            "file_path": "images/frame_1_00177.png",
            "transform_matrix": [
                [
                    -0.11324822114628366,
                    -0.39615660626883004,
                    -0.9111722031080434,
                    -7.890254437900507
                ],
                [
                    -0.9663681186942299,
                    -0.16918995609285056,
                    0.19366831937276924,
                    0.934856797451736
                ],
                [
                    -0.23088416918137994,
                    0.9024603603853535,
                    -0.36367265274496663,
                    -8.025587225920235
                ],
                [
                    0.0,
                    0.0,
                    0.0,
                    1.0
                ]
            ]
        },
        {
            "file_path": "images/frame_1_00175.png",
            "transform_matrix": [
                [
                    -0.112417217492053,
                    -0.3882576595171178,
                    -0.9146684421349819,
                    -7.7509533367798
                ],
                [
                    -0.9675788639003049,
                    -0.16674738711628528,
                    0.18970095156136554,
                    0.930076968190818
                ],
                [
                    -0.22617142026511727,
                    0.9063395052165507,
                    -0.3569246278124814,
                    -7.912271345664407
                ],
                [
                    0.0,
                    0.0,
                    0.0,
                    1.0
                ]
            ]
        },
        {
            "file_path": "images/frame_1_00176.png",
            "transform_matrix": [
                [
                    -0.11269386802160923,
                    -0.3926553360265874,
                    -0.9127551036286655,
                    -7.8240943078714364
                ],
                [
                    -0.9671015661902425,
                    -0.16750268163713264,
                    0.1914612553932251,
                    0.9315173609283822
                ],
                [
                    -0.22806721110827943,
                    0.9043033997139549,
                    -0.3608610653465882,
                    -7.970971265728349
                ],
                [
                    0.0,
                    0.0,
                    0.0,
                    1.0
                ]
            ]
        },
        {
            "file_path": "images/frame_1_00174.png",
            "transform_matrix": [
                [
                    -0.11263260565155334,
                    -0.38314888023920285,
                    -0.9167937781832873,
                    -7.683661686386222
                ],
                [
                    -0.9677884030157757,
                    -0.16678117078758053,
                    0.1885991730069304,
                    0.9383731197053695
                ],
                [
                    -0.22516550164782312,
                    0.9085048027623019,
                    -0.3520220450845588,
                    -7.8458245686635735
                ],
                [
                    0.0,
                    0.0,
                    0.0,
                    1.0
                ]
            ]
        },
        {
            "file_path": "images/frame_1_00173.png",
            "transform_matrix": [
                [
                    -0.11406117274968391,
                    -0.3760983047395106,
                    -0.9195325519213731,
                    -7.6085211876133565
                ],
                [
                    -0.9678137770634231,
                    -0.16693843004801664,
                    0.18832964052250037,
                    0.9441107884682773
                ],
                [
                    -0.22433577912851424,
                    0.9114173718693152,
                    -0.34495192774882827,
                    -7.762707675923951
                ],
                [
                    0.0,
                    0.0,
                    0.0,
                    1.0
                ]
            ]
        },
        {
            "file_path": "images/frame_1_00171.png",
            "transform_matrix": [
                [
                    -0.11507398432995466,
                    -0.36301669002945774,
                    -0.9246495881632598,
                    -7.455286197184549
                ],
                [
                    -0.9687303065166541,
                    -0.16497084407529422,
                    0.18532731542121472,
                    0.9436220713215872
                ],
                [
                    -0.21981713164942082,
                    0.9170624315525862,
                    -0.332681417076878,
                    -7.609884941834015
                ],
                [
                    0.0,
                    0.0,
                    0.0,
                    1.0
                ]
            ]
        },
        {
            "file_path": "images/frame_1_00170.png",
            "transform_matrix": [
                [
                    -0.1140605081804258,
                    -0.3566385896090049,
                    -0.9272535343018773,
                    -7.357135937581348
                ],
                [
                    -0.9700534756231044,
                    -0.1614851315020834,
                    0.18143540650956,
                    0.9273828743671102
                ],
                [
                    -0.21444452640521622,
                    0.9201801284017462,
                    -0.32753942722882656,
                    -7.541930151217532
                ],
                [
                    0.0,
                    0.0,
                    0.0,
                    1.0
                ]
            ]
        },
        {
            "file_path": "images/frame_1_00159.png",
            "transform_matrix": [
                [
                    -0.1413130132355652,
                    -0.34034050420644213,
                    -0.9296230276229123,
                    -6.2973235172049895
                ],
                [
                    -0.9708586001913307,
                    -0.13595677142310678,
                    0.19735585813128165,
                    0.7293964246683656
                ],
                [
                    -0.1935567377406802,
                    0.9304214622958294,
                    -0.3112100444626998,
                    -6.492546986069743
                ],
                [
                    0.0,
                    0.0,
                    0.0,
                    1.0
                ]
            ]
        },
        {
            "file_path": "images/frame_1_00168.png",
            "transform_matrix": [
                [
                    -0.10501587997605237,
                    -0.352894496969194,
                    -0.9297511166767776,
                    -7.177784116024223
                ],
                [
                    -0.9745314853076231,
                    -0.14975817763646113,
                    0.1669157643097969,
                    0.8789603374425031
                ],
                [
                    -0.19814148757131325,
                    0.92360054257231,
                    -0.328179811480172,
                    -7.385034514666931
                ],
                [
                    0.0,
                    0.0,
                    0.0,
                    1.0
                ]
            ]
        },
        {
            "file_path": "images/frame_1_00167.png",
            "transform_matrix": [
                [
                    -0.0999718386534573,
                    -0.3528562799081738,
                    -0.930321491316637,
                    -7.09628344865785
                ],
                [
                    -0.9767235389271993,
                    -0.14353714158098332,
                    0.15939955298647465,
                    0.8461375396510149
                ],
                [
                    -0.18978082090078097,
                    0.9246023657314126,
                    -0.33029336248568536,
                    -7.2865313744118625
                ],
                [
                    0.0,
                    0.0,
                    0.0,
                    1.0
                ]
            ]
        },
        {
            "file_path": "images/frame_1_00166.png",
            "transform_matrix": [
                [
                    -0.09605596837449078,
                    -0.3537218432881589,
                    -0.9304053463520436,
                    -7.001460397188975
                ],
                [
                    -0.9782833440925157,
                    -0.1389309163250742,
                    0.15381774657119124,
                    0.8183567421158323
                ],
                [
                    -0.18367076417003012,
                    0.9249751661909102,
                    -0.33269504402574845,
                    -7.187141815266812
                ],
                [
                    0.0,
                    0.0,
                    0.0,
                    1.0
                ]
            ]
        },
        {
            "file_path": "images/frame_1_00165.png",
            "transform_matrix": [
                [
                    -0.0960531281665065,
                    -0.3537862348845679,
                    -0.930381156610359,
                    -6.898661150905601
                ],
                [
                    -0.9789488667385845,
                    -0.1355372312837874,
                    0.15260660289504266,
                    0.8045622742574611
                ],
                [
                    -0.18009140146233743,
                    0.9254539204855777,
                    -0.33331985866012304,
                    -7.096194352708841
                ],
                [
                    0.0,
                    0.0,
                    0.0,
                    1.0
                ]
            ]
        },
        {
            "file_path": "images/frame_1_00164.png",
            "transform_matrix": [
                [
                    -0.10107551424983928,
                    -0.3520439132693847,
                    -0.9305099803597532,
                    -6.788060546585398
                ],
                [
                    -0.9787027004340315,
                    -0.13279031706881889,
                    0.15654953163742133,
                    0.7957834467180652
                ],
                [
                    -0.1786750250657992,
                    0.9265159549747323,
                    -0.3311244790029803,
                    -6.996384480164949
                ],
                [
                    0.0,
                    0.0,
                    0.0,
                    1.0
                ]
            ]
        },
        {
            "file_path": "images/frame_1_00163.png",
            "transform_matrix": [
                [
                    -0.10884818222188701,
                    -0.35089402353381216,
                    -0.930067447809697,
                    -6.693544240888543
                ],
                [
                    -0.9776541852218255,
                    -0.13148548451514067,
                    0.16402396617588158,
                    0.7981284006693308
                ],
                [
                    -0.1798453984544473,
                    0.9271380434488012,
                    -0.3287410546991198,
                    -6.89497153110487
                ],
                [
                    0.0,
                    0.0,
                    0.0,
                    1.0
                ]
            ]
        },
        {
            "file_path": "images/frame_1_00162.png",
            "transform_matrix": [
                [
                    -0.11815134167299932,
                    -0.3501460193282871,
                    -0.9292136598271816,
                    -6.608503590636452
                ],
                [
                    -0.9761180454737935,
                    -0.13084129562174948,
                    0.17341890514140282,
                    0.796592331668089
                ],
                [
                    -0.182301458472748,
                    0.9275118977719783,
                    -0.32632477339321364,
                    -6.793181283065617
                ],
                [
                    0.0,
                    0.0,
                    0.0,
                    1.0
                ]
            ]
        },
        {
            "file_path": "images/frame_1_00161.png",
            "transform_matrix": [
                [
                    -0.12702203606545717,
                    -0.347713259484355,
                    -0.9289568835702501,
                    -6.513563085917009
                ],
                [
                    -0.974309700197299,
                    -0.13185589816609586,
                    0.18257773747163408,
                    0.7851124373508578
                ],
                [
                    -0.18597314444627341,
                    0.9282830986814193,
                    -0.32203179695053036,
                    -6.6987191582919925
                ],
                [
                    0.0,
                    0.0,
                    0.0,
                    1.0
                ]
            ]
        },
        {
            "file_path": "images/frame_1_00152.png",
            "transform_matrix": [
                [
                    -0.16496595090004731,
                    -0.32120987811430085,
                    -0.9325290608047768,
                    -5.549605055126502
                ],
                [
                    -0.9629048582215661,
                    -0.15225510397589248,
                    0.22278379053826086,
                    0.6759532015322351
                ],
                [
                    -0.2135426633180093,
                    0.934688502932975,
                    -0.2841776441382486,
                    -5.756686250919798
                ],
                [
                    0.0,
                    0.0,
                    0.0,
                    1.0
                ]
            ]
        },
        {
            "file_path": "images/frame_1_00160.png",
            "transform_matrix": [
                [
                    -0.13503657206898972,
                    -0.34472396536462585,
                    -0.9289405319540882,
                    -6.409009223611494
                ],
                [
                    -0.9724982255417284,
                    -0.1334475167996527,
                    0.19088992005392774,
                    0.7626853785818349
                ],
                [
                    -0.18976913743294793,
                    0.9291701394057466,
                    -0.31722314939906243,
                    -6.603389718981122
                ],
                [
                    0.0,
                    0.0,
                    0.0,
                    1.0
                ]
            ]
        },
        {
            "file_path": "images/frame_1_00156.png",
            "transform_matrix": [
                [
                    -0.15487858368089108,
                    -0.32082718892837947,
                    -0.9343888586457539,
                    -5.988571784487853
                ],
                [
                    -0.9662824169574604,
                    -0.1477300073037781,
                    0.2108889177289157,
                    0.67904999381305
                ],
                [
                    -0.20569617156342243,
                    0.935545701602193,
                    -0.28712945724500544,
                    -6.174740115855329
                ],
                [
                    0.0,
                    0.0,
                    0.0,
                    1.0
                ]
            ]
        },
        {
            "file_path": "images/frame_1_00158.png",
            "transform_matrix": [
                [
                    -0.1457980523309375,
                    -0.33622063188466533,
                    -0.9304292636367266,
                    -6.202695375574166
                ],
                [
                    -0.9694497390815037,
                    -0.13896447876579465,
                    0.2021288624520364,
                    0.7065044584391843
                ],
                [
                    -0.19725651150547213,
                    0.9314744013317954,
                    -0.3056882535071699,
                    -6.386249899706431
                ],
                [
                    0.0,
                    0.0,
                    0.0,
                    1.0
                ]
            ]
        },
        {
            "file_path": "images/frame_1_00155.png",
            "transform_matrix": [
                [
                    -0.16041634404174585,
                    -0.31227057739148045,
                    -0.9363512605106439,
                    -5.866474002203543
                ],
                [
                    -0.9648733935430998,
                    -0.1503456272869481,
                    0.21544262992341343,
                    0.6694643529668105
                ],
                [
                    -0.20805271206332068,
                    0.9380209373203168,
                    -0.2771836758393459,
                    -6.07170447269768
                ],
                [
                    0.0,
                    0.0,
                    0.0,
                    1.0
                ]
            ]
        },
        {
            "file_path": "images/frame_1_00157.png",
            "transform_matrix": [
                [
                    -0.15051183502453522,
                    -0.3287565822020338,
                    -0.9323439800719391,
                    -6.093113069829786
                ],
                [
                    -0.9678137627300241,
                    -0.14341308888687704,
                    0.20680717252135283,
                    0.6838791068515035
                ],
                [
                    -0.20169954930018802,
                    0.9334622625445347,
                    -0.29658977766831196,
                    -6.274554147910973
                ],
                [
                    0.0,
                    0.0,
                    0.0,
                    1.0
                ]
            ]
        },
        {
            "file_path": "images/frame_1_00148.png",
            "transform_matrix": [
                [
                    -0.14160974054183204,
                    -0.38208692763094726,
                    -0.9132120570367097,
                    -5.131769751146875
                ],
                [
                    -0.9645524183389727,
                    -0.15425595295981454,
                    0.21411149724594367,
                    0.6076475900837225
                ],
                [
                    -0.22267760026575478,
                    0.9111611716430869,
                    -0.346698724586466,
                    -5.24437130586485
                ],
                [
                    0.0,
                    0.0,
                    0.0,
                    1.0
                ]
            ]
        },
        {
            "file_path": "images/frame_1_00154.png",
            "transform_matrix": [
                [
                    -0.1652886637272853,
                    -0.30870302001986105,
                    -0.9366867689221758,
                    -5.754902433068215
                ],
                [
                    -0.9635953555524447,
                    -0.15182651299787223,
                    0.2200743072434035,
                    0.6706153748182876
                ],
                [
                    -0.21015148917151505,
                    0.9389628083058051,
                    -0.2723695948843597,
                    -5.9726279025484965
                ],
                [
                    0.0,
                    0.0,
                    0.0,
                    1.0
                ]
            ]
        },
        {
            "file_path": "images/frame_1_00153.png",
            "transform_matrix": [
                [
                    -0.16734700540273495,
                    -0.3127838251162756,
                    -0.9349659130301852,
                    -5.624687567607957
                ],
                [
                    -0.9628785147565598,
                    -0.1518803805342163,
                    0.22315312193420597,
                    0.6719953499894528
                ],
                [
                    -0.2118016657227651,
                    0.9376025963884767,
                    -0.275756098106006,
                    -5.834723733495857
                ],
                [
                    0.0,
                    0.0,
                    0.0,
                    1.0
                ]
            ]
        },
        {
            "file_path": "images/frame_1_00151.png",
            "transform_matrix": [
                [
                    -0.15738016505963903,
                    -0.34227321041167136,
                    -0.9263263642368648,
                    -5.43036538250919
                ],
                [
                    -0.963672382637278,
                    -0.1517439296112879,
                    0.21979380966787126,
                    0.6676727838901404
                ],
                [
                    -0.21579393547547318,
                    0.9272663205684828,
                    -0.30595775550130294,
                    -5.62074452752015
                ],
                [
                    0.0,
                    0.0,
                    0.0,
                    1.0
                ]
            ]
        },
        {
            "file_path": "images/frame_1_00145.png",
            "transform_matrix": [
                [
                    -0.157763211571436,
                    -0.37737623853782937,
                    -0.9125228455560471,
                    -4.811512056465226
                ],
                [
                    -0.9614988058663976,
                    -0.15186536783430243,
                    0.22903483658614848,
                    0.6262449416359284
                ],
                [
                    -0.22501292272258067,
                    0.9135228977095163,
                    -0.3388880345604589,
                    -4.933072864414837
                ],
                [
                    0.0,
                    0.0,
                    0.0,
                    1.0
                ]
            ]
        },
        {
            "file_path": "images/frame_1_00150.png",
            "transform_matrix": [
                [
                    -0.15020152805225784,
                    -0.35908873198241986,
                    -0.9211377657734071,
                    -5.333206762279772
                ],
                [
                    -0.9644444338652051,
                    -0.15171019512044592,
                    0.21640459949580512,
                    0.6402004777162018
                ],
                [
                    -0.2174544434064073,
                    0.9208904925450008,
                    -0.323534025695962,
                    -5.4932751053246385
                ],
                [
                    0.0,
                    0.0,
                    0.0,
                    1.0
                ]
            ]
        },
        {
            "file_path": "images/frame_1_00149.png",
            "transform_matrix": [
                [
                    -0.1454201425399718,
                    -0.3698855182408216,
                    -0.9176261142422729,
                    -5.2622411539263085
                ],
                [
                    -0.9648055932325323,
                    -0.1523749400603979,
                    0.21431762622055012,
                    0.6230366106524697
                ],
                [
                    -0.21909621039825306,
                    0.9164969072710005,
                    -0.33470923135135594,
                    -5.39526223010223
                ],
                [
                    0.0,
                    0.0,
                    0.0,
                    1.0
                ]
            ]
        },
        {
            "file_path": "images/frame_1_00147.png",
            "transform_matrix": [
                [
                    -0.14296516972311898,
                    -0.3840109639013659,
                    -0.9121932579500811,
                    -5.045399188963657
                ],
                [
                    -0.963973219359904,
                    -0.15486023563065862,
                    0.21627283642963296,
                    0.6112026989009877
                ],
                [
                    -0.22431360324987354,
                    0.9102493543112021,
                    -0.34803666527120003,
                    -5.161870159902563
                ],
                [
                    0.0,
                    0.0,
                    0.0,
                    1.0
                ]
            ]
        },
        {
            "file_path": "images/frame_1_00146.png",
            "transform_matrix": [
                [
                    -0.15131524340023023,
                    -0.38071907129490945,
                    -0.9122262251585792,
                    -4.892131127707358
                ],
                [
                    -0.9625615434021781,
                    -0.15321378067309213,
                    0.22360861471570137,
                    0.6183716531171695
                ],
                [
                    -0.2248976929137923,
                    0.9119092751826792,
                    -0.34328195635345343,
                    -5.02178272033417
                ],
                [
                    0.0,
                    0.0,
                    0.0,
                    1.0
                ]
            ]
        },
        {
            "file_path": "images/frame_1_00143.png",
            "transform_matrix": [
                [
                    -0.1730430949946838,
                    -0.3649922250355064,
                    -0.9147878239998012,
                    -4.590252562450876
                ],
                [
                    -0.9580189550366087,
                    -0.15319549809909347,
                    0.24234442670037828,
                    0.6214068639192812
                ],
                [
                    -0.22859520787896062,
                    0.9183201048794484,
                    -0.3231600468946831,
                    -4.693220404557202
                ],
                [
                    0.0,
                    0.0,
                    0.0,
                    1.0
                ]
            ]
        },
        {
            "file_path": "images/frame_1_00144.png",
            "transform_matrix": [
                [
                    -0.16665682984872632,
                    -0.37149184919175915,
                    -0.913356068052794,
                    -4.702787537290943
                ],
                [
                    -0.9598592524392007,
                    -0.15081622191743443,
                    0.23648400096710478,
                    0.6284215385407866
                ],
                [
                    -0.225600790272621,
                    0.9161049466030833,
                    -0.33144533521793645,
                    -4.805607707096779
                ],
                [
                    0.0,
                    0.0,
                    0.0,
                    1.0
                ]
            ]
        },
        {
            "file_path": "images/frame_1_00139.png",
            "transform_matrix": [
                [
                    -0.17570938176482004,
                    -0.34353934171768197,
                    -0.9225545695794946,
                    -4.105652098863634
                ],
                [
                    -0.9551232360006652,
                    -0.16751512100466967,
                    0.24429140035295593,
                    0.5002063468207404
                ],
                [
                    -0.23846554722106517,
                    0.9240775968104478,
                    -0.2986884294069409,
                    -4.223973432244383
                ],
                [
                    0.0,
                    0.0,
                    0.0,
                    1.0
                ]
            ]
        },
        {
            "file_path": "images/frame_1_00142.png",
            "transform_matrix": [
                [
                    -0.17669944382035369,
                    -0.3597357487700774,
                    -0.9161700156687129,
                    -4.469508164636799
                ],
                [
                    -0.9566264144571649,
                    -0.15626513029516173,
                    0.24585994431111588,
                    0.6041918970770175
                ],
                [
                    -0.2316100380303206,
                    0.9198757525398025,
                    -0.31652075788631256,
                    -4.584656937583119
                ],
                [
                    0.0,
                    0.0,
                    0.0,
                    1.0
                ]
            ]
        },
        {
            "file_path": "images/frame_1_00141.png",
            "transform_matrix": [
                [
                    -0.17651288735448545,
                    -0.35376765501128243,
                    -0.9185268895713401,
                    -4.29910047539642
                ],
                [
                    -0.9558865018941379,
                    -0.1609825242581404,
                    0.24569416431829397,
                    0.542997904119495
                ],
                [
                    -0.23478542564301208,
                    0.9213756417180211,
                    -0.30974623606160906,
                    -4.411454022065738
                ],
                [
                    0.0,
                    0.0,
                    0.0,
                    1.0
                ]
            ]
        },
        {
            "file_path": "images/frame_1_00140.png",
            "transform_matrix": [
                [
                    -0.17627195970556725,
                    -0.3514920517071406,
                    -0.9194463191553186,
                    -4.2398233992970225
                ],
                [
                    -0.9555856704504256,
                    -0.1630200861814603,
                    0.24552082993343002,
                    0.5234663256990689
                ],
                [
                    -0.23618683843806773,
                    0.921888165174114,
                    -0.30714489782598725,
                    -4.351833456244273
                ],
                [
                    0.0,
                    0.0,
                    0.0,
                    1.0
                ]
            ]
        },
        {
            "file_path": "images/frame_1_00138.png",
            "transform_matrix": [
                [
                    -0.1769381491903886,
                    -0.33154751392541987,
                    -0.9266979752707749,
                    -3.965118558800708
                ],
                [
                    -0.9545331866745407,
                    -0.17170842753761306,
                    0.24368547648455993,
                    0.49603765328734356
                ],
                [
                    -0.23991516604422175,
                    0.9276812286138132,
                    -0.2860913336323556,
                    -4.099718542703868
                ],
                [
                    0.0,
                    0.0,
                    0.0,
                    1.0
                ]
            ]
        },
        {
            "file_path": "images/frame_1_00137.png",
            "transform_matrix": [
                [
                    -0.18196868371106123,
                    -0.31426243793915165,
                    -0.9317330724241811,
                    -3.8053074705847942
                ],
                [
                    -0.9541307885739017,
                    -0.17266784921034137,
                    0.2445817902960457,
                    0.5149713352968808
                ],
                [
                    -0.23774321534758422,
                    0.9335014375723348,
                    -0.26842732649001355,
                    -3.950460801904389
                ],
                [
                    0.0,
                    0.0,
                    0.0,
                    1.0
                ]
            ]
        },
        {
            "file_path": "images/frame_1_00135.png",
            "transform_matrix": [
                [
                    -0.19205968928649433,
                    -0.2831803222459317,
                    -0.9396392823013869,
                    -3.5676753678276034
                ],
                [
                    -0.954632010314061,
                    -0.16812065872201723,
                    0.2457909050282564,
                    0.5336210062701728
                ],
                [
                    -0.2275759227926135,
                    0.9442162618826078,
                    -0.2380437988302259,
                    -3.7132605335481315
                ],
                [
                    0.0,
                    0.0,
                    0.0,
                    1.0
                ]
            ]
        },
        {
            "file_path": "images/frame_1_00136.png",
            "transform_matrix": [
                [
                    -0.1860207655167093,
                    -0.3013564487866784,
                    -0.9351901226869644,
                    -3.7103489587083103
                ],
                [
                    -0.9542055570788724,
                    -0.17154279344585682,
                    0.24508126174106223,
                    0.5246724764577965
                ],
                [
                    -0.2342819447511404,
                    0.9379538159160472,
                    -0.25564547633813034,
                    -3.8562957391458754
                ],
                [
                    0.0,
                    0.0,
                    0.0,
                    1.0
                ]
            ]
        },
        {
            "file_path": "images/frame_1_00134.png",
            "transform_matrix": [
                [
                    -0.19365033899097983,
                    -0.2720191771037433,
                    -0.9426054919723736,
                    -3.4522472271901536
                ],
                [
                    -0.9555407820934477,
                    -0.1654624995327211,
                    0.2440573190966129,
                    0.5287725096205502
                ],
                [
                    -0.22235413188182554,
                    0.9479597715811502,
                    -0.22788354810932035,
                    -3.613461696823368
                ],
                [
                    0.0,
                    0.0,
                    0.0,
                    1.0
                ]
            ]
        },
        {
            "file_path": "images/frame_1_00133.png",
            "transform_matrix": [
                [
                    -0.19364101287771227,
                    -0.26942962204482807,
                    -0.9433508556716711,
                    -3.3698989200298257
                ],
                [
